1.14.0
[]
002007
090005
003000
000806
008600
002700
070605
087607
000706
063206
070705
070388
000006
000706
000000
070000
080000
070000
071700
062607
003708
007000
200606
000300
060006
060007
080306
062000
070708
000007
072007
003000
060006
000005
000307
060607
8007040
200206
071500
008008
041400
002000
000005
082000
050600
081000
062008
072000
082800
070306
006006
006200
063000
060006
000006
000006
070006
003000
000000
007000
070385
000008
008006
801500
007007
060000
072007
073000
070000
800605
070006
000387
008004
000005
000006
302300
300207
003387
082007
000007
070300
072000
002007
000400
000807
000607
800003
007600
072008
700107
002385
000007
000182
062000
000607
070007
081200
0608057
071100
002000
